$ 1 3.125e-8 11.558428452718767 1 5 50
w 368 144 368 176 0
w 368 176 256 240 0
w 368 272 368 240 0
w 368 240 256 176 0
w 256 176 256 160 0
w 256 240 256 256 0
w 96 144 128 144 0
153 272 144 368 144 0 2 0 5
153 256 272 368 272 0 2 5 5
w 256 160 272 160 0
150 128 128 272 128 0 2 0 5
150 128 288 256 288 0 2 0 5
w 432 144 368 144 0
w 432 144 432 48 0
w 432 48 128 48 0
w 128 48 128 112 0
w 368 272 432 272 0
w 432 272 432 352 0
w 128 304 128 352 0
w 128 352 432 352 0
w 96 144 96 272 0
w 128 272 96 272 0
w 96 144 48 144 0
R 48 144 -16 144 1 2 20000.98 2.5 2.5 0 0.4902
207 432 144 496 144 4 /Q
207 432 272 496 272 4 Q
o 25 8 0 4107 5 0.00009765625 0 2 25 3
o 24 8 0 12291 5 0.0001 0 2 24 3
o 23 8 0 4099 5 0.00009765625 0 2 23 3
38 23 3 1 1000000 Frequency
38 23 5 1 99 Duty\sCycle
