$ 1 3.125e-8 11.558428452718767 1 5 50
w 368 144 368 176 0
w 368 176 256 240 0
w 368 272 368 240 0
w 368 240 256 176 0
w 256 176 256 160 0
w 256 240 256 256 0
w 96 144 128 144 0
153 272 144 368 144 0 2 5 5
153 256 272 368 272 0 2 0 5
w 256 160 272 160 0
150 128 128 272 128 0 2 0 5
150 128 288 256 288 0 2 0 5
w 432 48 128 48 0
w 128 48 128 112 0
w 128 304 128 352 0
w 128 352 432 352 0
w 96 144 96 272 0
w 128 272 96 272 0
w 96 144 48 144 0
R 48 144 -16 144 1 2 20000.98 2.5 2.5 0 0.4902
w 720 272 688 272 0
150 720 288 848 288 0 2 0 5
150 720 128 864 128 0 2 5 5
w 848 160 864 160 0
153 848 272 960 272 0 2 5 5
153 864 144 960 144 0 2 0 5
w 688 144 720 144 0
w 848 240 848 256 0
w 848 176 848 160 0
w 960 240 848 176 0
w 960 272 960 240 0
w 960 176 848 240 0
w 960 144 960 176 0
I 352 416 528 416 0 0.5 5
w 592 208 592 416 0
w 592 416 528 416 0
w 96 272 96 416 0
w 352 416 96 416 0
w 432 48 1008 48 0
w 432 352 1056 352 0
w 1056 352 1056 144 0
w 720 112 480 112 0
w 480 144 480 112 0
w 720 304 480 304 0
w 480 304 480 272 0
w 688 208 592 208 0
w 688 144 688 208 0
w 688 208 688 272 0
w 1008 272 1008 48 0
w 960 272 1008 272 0
w 1008 272 1104 272 0
w 960 144 1056 144 0
w 1056 144 1104 144 0
w 368 272 480 272 0
w 368 144 480 144 0
207 480 144 528 144 4 /Q0
207 480 272 512 272 4 Q0
207 1104 144 1152 144 4 Q1
207 1104 272 1152 272 4 /Q1
o 19 8 0 4099 5 0.00009765625 0 2 19 3
o 56 8 0 4099 5 0.00009765625 0 2 56 3
o 55 8 0 4099 5 0.00009765625 0 2 55 3
o 57 8 0 4099 5 0.00009765625 0 2 57 3
o 58 8 0 4099 5 0.00009765625 0 2 58 3
38 19 3 1 1000000 Frequency
38 19 5 1 99 Duty\sCycle
